0	alstenius_bloemertius_de	0.08018867924528301	0.2028301886792453	0.05188679245283019	0.19339622641509435	0.0047169811320754715	0.014150943396226415	0.08962264150943396	0.0330188679245283	0.3160377358490566	0.014150943396226415
1	alstenius_bloemertius_de	0.04245283018867924	0.04245283018867924	0.04245283018867924	0.21226415094339623	0.14622641509433962	0.14622641509433962	0.0047169811320754715	0.06132075471698113	0.21226415094339623	0.08962264150943396
2	alstenius_bloemertius_de	0.1179245283018868	0.1179245283018868	0.05188679245283019	0.07075471698113207	0.07075471698113207	0.12735849056603774	0.05188679245283019	0.0047169811320754715	0.25943396226415094	0.12735849056603774
3	alstenius_bloemertius_de	0.0330188679245283	0.18396226415094338	0.0047169811320754715	0.02358490566037736	0.05188679245283019	0.08962264150943396	0.0330188679245283	0.07075471698113207	0.24056603773584906	0.2688679245283019
4	alstenius_bloemertius_de	0.05188679245283019	0.1650943396226415	0.0330188679245283	0.2688679245283019	0.02358490566037736	0.04245283018867924	0.02358490566037736	0.04245283018867924	0.2028301886792453	0.14622641509433962
5	alstenius_bloemertius_de	0.10952380952380952	0.1	0.004761904761904762	0.22380952380952382	0.004761904761904762	0.014285714285714285	0.023809523809523808	0.023809523809523808	0.1380952380952381	0.35714285714285715
6	alstenius_bloemertius_de	0.09905660377358491	0.1650943396226415	0.014150943396226415	0.35377358490566035	0.0047169811320754715	0.04245283018867924	0.0330188679245283	0.08018867924528301	0.08962264150943396	0.1179245283018868
7	alstenius_bloemertius_de	0.05238095238095238	0.023809523809523808	0.09047619047619047	0.28095238095238095	0.08095238095238096	0.09047619047619047	0.004761904761904762	0.023809523809523808	0.3	0.05238095238095238
8	alstenius_bloemertius_de	0.04245283018867924	0.32547169811320753	0.06132075471698113	0.14622641509433962	0.0047169811320754715	0.0047169811320754715	0.014150943396226415	0.0047169811320754715	0.13679245283018868	0.25943396226415094
9	alstenius_bloemertius_de	0.03333333333333333	0.21428571428571427	0.03333333333333333	0.24285714285714285	0.004761904761904762	0.07142857142857142	0.014285714285714285	0.05238095238095238	0.32857142857142857	0.004761904761904762
10	alstenius_bloemertius_de	0.2783018867924528	0.17452830188679244	0.014150943396226415	0.2783018867924528	0.014150943396226415	0.0330188679245283	0.0047169811320754715	0.0047169811320754715	0.13679245283018868	0.06132075471698113
11	alstenius_bloemertius_de	0.19339622641509435	0.23113207547169812	0.02358490566037736	0.1179245283018868	0.04245283018867924	0.19339622641509435	0.0047169811320754715	0.02358490566037736	0.15566037735849056	0.014150943396226415
12	alstenius_bloemertius_de	0.33490566037735847	0.1179245283018868	0.014150943396226415	0.19339622641509435	0.0047169811320754715	0.05188679245283019	0.1179245283018868	0.05188679245283019	0.09905660377358491	0.014150943396226415
13	alstenius_bloemertius_de	0.13679245283018868	0.25943396226415094	0.02358490566037736	0.10849056603773585	0.07075471698113207	0.02358490566037736	0.0047169811320754715	0.08962264150943396	0.21226415094339623	0.07075471698113207
14	alstenius_bloemertius_de	0.1	0.2619047619047619	0.06190476190476191	0.10952380952380952	0.03333333333333333	0.004761904761904762	0.023809523809523808	0.319047619047619	0.04285714285714286	0.04285714285714286
15	alstenius_bloemertius_de	0.1	0.09047619047619047	0.05238095238095238	0.014285714285714285	0.023809523809523808	0.08095238095238096	0.06190476190476191	0.24285714285714285	0.11904761904761904	0.21428571428571427
16	alstenius_bloemertius_de	0.08018867924528301	0.08018867924528301	0.02358490566037736	0.22169811320754718	0.05188679245283019	0.08018867924528301	0.0047169811320754715	0.25	0.10849056603773585	0.09905660377358491
17	alstenius_bloemertius_de	0.0047169811320754715	0.08018867924528301	0.0047169811320754715	0.12735849056603774	0.0047169811320754715	0.10849056603773585	0.09905660377358491	0.19339622641509435	0.21226415094339623	0.1650943396226415
18	alstenius_bloemertius_de	0.0047169811320754715	0.04245283018867924	0.08962264150943396	0.0047169811320754715	0.10849056603773585	0.05188679245283019	0.08962264150943396	0.25	0.10849056603773585	0.25
19	alstenius_bloemertius_de	0.014285714285714285	0.004761904761904762	0.15714285714285714	0.1	0.28095238095238095	0.08095238095238096	0.22380952380952382	0.11904761904761904	0.014285714285714285	0.004761904761904762
20	alstenius_bloemertius_de	0.05238095238095238	0.1	0.40476190476190477	0.023809523809523808	0.15714285714285714	0.023809523809523808	0.21428571428571427	0.014285714285714285	0.004761904761904762	0.004761904761904762
21	alstenius_bloemertius_de	0.004761904761904762	0.03333333333333333	0.3	0.004761904761904762	0.1380952380952381	0.1380952380952381	0.21428571428571427	0.11904761904761904	0.04285714285714286	0.004761904761904762
22	alstenius_bloemertius_de	0.03365384615384615	0.004807692307692308	0.1971153846153846	0.004807692307692308	0.35096153846153844	0.052884615384615384	0.34134615384615385	0.004807692307692308	0.004807692307692308	0.004807692307692308
23	alstenius_bloemertius_de	0.0047169811320754715	0.04245283018867924	0.19339622641509435	0.0047169811320754715	0.25943396226415094	0.0330188679245283	0.3160377358490566	0.014150943396226415	0.04245283018867924	0.08962264150943396
24	alstenius_bloemertius_de	0.014150943396226415	0.014150943396226415	0.2028301886792453	0.0047169811320754715	0.5801886792452831	0.0047169811320754715	0.09905660377358491	0.07075471698113207	0.0047169811320754715	0.0047169811320754715
25	alstenius_bloemertius_de	0.0330188679245283	0.04245283018867924	0.3915094339622642	0.0047169811320754715	0.30660377358490565	0.10849056603773585	0.08018867924528301	0.0047169811320754715	0.02358490566037736	0.0047169811320754715
26	alstenius_bloemertius_de	0.014705882352941176	0.004901960784313725	0.37745098039215685	0.03431372549019608	0.4264705882352941	0.014705882352941176	0.09313725490196079	0.014705882352941176	0.014705882352941176	0.004901960784313725
27	alstenius_bloemertius_de	0.014150943396226415	0.0047169811320754715	0.07075471698113207	0.04245283018867924	0.3915094339622642	0.28773584905660377	0.08018867924528301	0.02358490566037736	0.08018867924528301	0.0047169811320754715
28	alstenius_bloemertius_de	0.023809523809523808	0.023809523809523808	0.19523809523809524	0.023809523809523808	0.1761904761904762	0.3476190476190476	0.014285714285714285	0.004761904761904762	0.08095238095238096	0.10952380952380952
29	alstenius_bloemertius_de	0.05188679245283019	0.07075471698113207	0.2783018867924528	0.04245283018867924	0.12735849056603774	0.07075471698113207	0.06132075471698113	0.1650943396226415	0.06132075471698113	0.07075471698113207
30	alstenius_bloemertius_de	0.004761904761904762	0.23333333333333334	0.014285714285714285	0.1380952380952381	0.08095238095238096	0.014285714285714285	0.014285714285714285	0.2714285714285714	0.19523809523809524	0.03333333333333333
31	alstenius_bloemertius_de	0.0330188679245283	0.08962264150943396	0.0047169811320754715	0.09905660377358491	0.05188679245283019	0.09905660377358491	0.06132075471698113	0.08962264150943396	0.24056603773584906	0.23113207547169812
32	alstenius_bloemertius_de	0.004807692307692308	0.004807692307692308	0.13942307692307693	0.14903846153846154	0.14903846153846154	0.3125	0.0625	0.004807692307692308	0.12980769230769232	0.04326923076923077
33	alstenius_bloemertius_de	0.08095238095238096	0.014285714285714285	0.1761904761904762	0.03333333333333333	0.23333333333333334	0.11904761904761904	0.23333333333333334	0.03333333333333333	0.07142857142857142	0.004761904761904762
34	alstenius_bloemertius_de	0.004807692307692308	0.04326923076923077	0.09134615384615384	0.07211538461538461	0.12980769230769232	0.22596153846153846	0.24519230769230768	0.052884615384615384	0.08173076923076923	0.052884615384615384
35	alstenius_bloemertius_de	0.0047169811320754715	0.04245283018867924	0.3443396226415094	0.0047169811320754715	0.23113207547169812	0.13679245283018868	0.10849056603773585	0.06132075471698113	0.014150943396226415	0.05188679245283019
36	alstenius_bloemertius_de	0.04245283018867924	0.1179245283018868	0.06132075471698113	0.04245283018867924	0.3915094339622642	0.15566037735849056	0.1650943396226415	0.014150943396226415	0.0047169811320754715	0.0047169811320754715
37	alstenius_bloemertius_de	0.004761904761904762	0.11904761904761904	0.24285714285714285	0.014285714285714285	0.24285714285714285	0.03333333333333333	0.2523809523809524	0.014285714285714285	0.004761904761904762	0.07142857142857142
38	alstenius_bloemertius_de	0.02358490566037736	0.0047169811320754715	0.18396226415094338	0.0047169811320754715	0.2971698113207547	0.08018867924528301	0.15566037735849056	0.06132075471698113	0.04245283018867924	0.14622641509433962
39	alstenius_bloemertius_de	0.02403846153846154	0.1875	0.24519230769230768	0.03365384615384615	0.2644230769230769	0.004807692307692308	0.09134615384615384	0.014423076923076924	0.08173076923076923	0.052884615384615384
40	alstenius_bloemertius_de	0.05339805825242718	0.24757281553398058	0.043689320388349516	0.0048543689320388345	0.2669902912621359	0.024271844660194174	0.22815533980582525	0.0048543689320388345	0.11165048543689321	0.014563106796116505
41	alstenius_bloemertius_de	0.0047169811320754715	0.25943396226415094	0.0047169811320754715	0.02358490566037736	0.04245283018867924	0.3160377358490566	0.10849056603773585	0.15566037735849056	0.0330188679245283	0.05188679245283019
42	alstenius_bloemertius_de	0.2028301886792453	0.14622641509433962	0.02358490566037736	0.10849056603773585	0.02358490566037736	0.17452830188679244	0.014150943396226415	0.14622641509433962	0.14622641509433962	0.014150943396226415
43	alstenius_bloemertius_de	0.09047619047619047	0.16666666666666666	0.014285714285714285	0.09047619047619047	0.014285714285714285	0.18571428571428572	0.09047619047619047	0.1761904761904762	0.1380952380952381	0.03333333333333333
44	alstenius_bloemertius_de	0.03333333333333333	0.15714285714285714	0.05238095238095238	0.004761904761904762	0.004761904761904762	0.014285714285714285	0.014285714285714285	0.09047619047619047	0.3476190476190476	0.28095238095238095
45	alstenius_bloemertius_de	0.011363636363636364	0.2159090909090909	0.011363636363636364	0.10227272727272728	0.011363636363636364	0.011363636363636364	0.011363636363636364	0.07954545454545454	0.056818181818181816	0.48863636363636365
46	bidermann_ioseph_1615_00	0.014423076923076924	0.09134615384615384	0.11057692307692307	0.03365384615384615	0.34134615384615385	0.03365384615384615	0.10096153846153846	0.14903846153846154	0.10096153846153846	0.02403846153846154
47	bidermann_ioseph_1615_01	0.024271844660194174	0.03398058252427184	0.441747572815534	0.10194174757281553	0.23786407766990292	0.014563106796116505	0.0048543689320388345	0.06310679611650485	0.03398058252427184	0.043689320388349516
48	bidermann_ioseph_1615_02	0.024271844660194174	0.0048543689320388345	0.33495145631067963	0.03398058252427184	0.3058252427184466	0.043689320388349516	0.03398058252427184	0.16990291262135923	0.014563106796116505	0.03398058252427184
49	bidermann_ioseph_1615_03	0.07352941176470588	0.10294117647058823	0.09313725490196079	0.014705882352941176	0.36764705882352944	0.10294117647058823	0.004901960784313725	0.004901960784313725	0.07352941176470588	0.16176470588235295
50	bidermann_ioseph_1615_04	0.02403846153846154	0.004807692307692308	0.1875	0.02403846153846154	0.39903846153846156	0.09134615384615384	0.12980769230769232	0.004807692307692308	0.07211538461538461	0.0625
51	bidermann_ioseph_1615_05	0.1201923076923077	0.13942307692307693	0.004807692307692308	0.004807692307692308	0.30288461538461536	0.07211538461538461	0.23557692307692307	0.052884615384615384	0.014423076923076924	0.052884615384615384
52	bidermann_ioseph_1615_06	0.024509803921568627	0.04411764705882353	0.37745098039215685	0.08333333333333333	0.28921568627450983	0.10294117647058823	0.004901960784313725	0.014705882352941176	0.04411764705882353	0.014705882352941176
53	bidermann_ioseph_1615_07	0.0048543689320388345	0.09223300970873786	0.1407766990291262	0.06310679611650485	0.5	0.11165048543689321	0.0048543689320388345	0.043689320388349516	0.024271844660194174	0.014563106796116505
54	bidermann_ioseph_1615_08	0.004807692307692308	0.004807692307692308	0.16826923076923078	0.03365384615384615	0.4855769230769231	0.014423076923076924	0.052884615384615384	0.10096153846153846	0.004807692307692308	0.12980769230769232
55	bidermann_ioseph_1615_09	0.004901960784313725	0.004901960784313725	0.11274509803921569	0.03431372549019608	0.45588235294117646	0.11274509803921569	0.08333333333333333	0.08333333333333333	0.09313725490196079	0.014705882352941176
56	bidermann_ioseph_1615_10	0.02403846153846154	0.004807692307692308	0.0625	0.004807692307692308	0.5817307692307693	0.07211538461538461	0.07211538461538461	0.11057692307692307	0.052884615384615384	0.014423076923076924
57	bidermann_ioseph_1615_11	0.014705882352941176	0.014705882352941176	0.07352941176470588	0.04411764705882353	0.5833333333333334	0.05392156862745098	0.05392156862745098	0.09313725490196079	0.004901960784313725	0.06372549019607843
58	bidermann_ioseph_1615_12	0.043689320388349516	0.06310679611650485	0.014563106796116505	0.03398058252427184	0.38349514563106796	0.014563106796116505	0.18932038834951456	0.13106796116504854	0.11165048543689321	0.014563106796116505
59	bidermann_ioseph_1615_13	0.004807692307692308	0.004807692307692308	0.23557692307692307	0.014423076923076924	0.46634615384615385	0.052884615384615384	0.04326923076923077	0.09134615384615384	0.08173076923076923	0.004807692307692308
60	bidermann_ioseph_1615_14	0.014563106796116505	0.0048543689320388345	0.07281553398058252	0.0048543689320388345	0.441747572815534	0.024271844660194174	0.043689320388349516	0.1796116504854369	0.2087378640776699	0.0048543689320388345
61	bidermann_ioseph_1615_15	0.0625	0.09134615384615384	0.08173076923076923	0.004807692307692308	0.42788461538461536	0.004807692307692308	0.09134615384615384	0.02403846153846154	0.10096153846153846	0.11057692307692307
62	bidermann_ioseph_1615_16	0.07211538461538461	0.1875	0.04326923076923077	0.052884615384615384	0.28365384615384615	0.07211538461538461	0.1971153846153846	0.02403846153846154	0.04326923076923077	0.02403846153846154
63	bidermann_ioseph_1615_17	0.004807692307692308	0.03365384615384615	0.27403846153846156	0.04326923076923077	0.30288461538461536	0.07211538461538461	0.07211538461538461	0.1875	0.004807692307692308	0.004807692307692308
64	bidermann_ioseph_1615_18	0.024271844660194174	0.024271844660194174	0.18932038834951456	0.07281553398058252	0.441747572815534	0.0048543689320388345	0.13106796116504854	0.0048543689320388345	0.06310679611650485	0.043689320388349516
65	bidermann_ioseph_1615_19	0.05392156862745098	0.04411764705882353	0.2696078431372549	0.004901960784313725	0.27941176470588236	0.12254901960784313	0.11274509803921569	0.04411764705882353	0.014705882352941176	0.05392156862745098
66	bidermann_ioseph_1615_20	0.004807692307692308	0.1201923076923077	0.11057692307692307	0.02403846153846154	0.4951923076923077	0.07211538461538461	0.11057692307692307	0.004807692307692308	0.014423076923076924	0.04326923076923077
67	bidermann_ioseph_1615_21	0.06435643564356436	0.0049504950495049506	0.04455445544554455	0.0049504950495049506	0.5396039603960396	0.04455445544554455	0.024752475247524754	0.24257425742574257	0.0049504950495049506	0.024752475247524754
68	bidermann_ioseph_1615_22	0.004807692307692308	0.004807692307692308	0.052884615384615384	0.08173076923076923	0.6298076923076923	0.03365384615384615	0.04326923076923077	0.052884615384615384	0.0625	0.03365384615384615
69	bidermann_ioseph_1615_23	0.004807692307692308	0.014423076923076924	0.014423076923076924	0.30288461538461536	0.5336538461538461	0.02403846153846154	0.004807692307692308	0.03365384615384615	0.03365384615384615	0.03365384615384615
70	bidermann_ioseph_1615_24	0.024271844660194174	0.0048543689320388345	0.13106796116504854	0.014563106796116505	0.5485436893203883	0.03398058252427184	0.014563106796116505	0.1407766990291262	0.0825242718446602	0.0048543689320388345
71	bidermann_ioseph_1615_25	0.043689320388349516	0.07281553398058252	0.09223300970873786	0.014563106796116505	0.470873786407767	0.0825242718446602	0.06310679611650485	0.07281553398058252	0.06310679611650485	0.024271844660194174
72	bidermann_ioseph_1615_26	0.01485148514851485	0.01485148514851485	0.14356435643564355	0.0049504950495049506	0.47029702970297027	0.034653465346534656	0.13366336633663367	0.06435643564356436	0.07425742574257425	0.04455445544554455
73	bidermann_ioseph_1615_27	0.004807692307692308	0.0625	0.04326923076923077	0.052884615384615384	0.5625	0.014423076923076924	0.004807692307692308	0.12980769230769232	0.1201923076923077	0.004807692307692308
74	bidermann_ioseph_1615_28	0.004807692307692308	0.10096153846153846	0.12980769230769232	0.004807692307692308	0.4182692307692308	0.04326923076923077	0.004807692307692308	0.22596153846153846	0.004807692307692308	0.0625
75	bidermann_ioseph_1615_29	0.14903846153846154	0.3701923076923077	0.03365384615384615	0.10096153846153846	0.24519230769230768	0.004807692307692308	0.004807692307692308	0.02403846153846154	0.052884615384615384	0.014423076923076924
76	bidermann_ioseph_1615_30	0.1201923076923077	0.3317307692307692	0.0625	0.02403846153846154	0.1201923076923077	0.1201923076923077	0.004807692307692308	0.11057692307692307	0.014423076923076924	0.09134615384615384
77	bidermann_ioseph_1615_31	0.004807692307692308	0.0625	0.004807692307692308	0.014423076923076924	0.34134615384615385	0.27403846153846156	0.004807692307692308	0.12980769230769232	0.03365384615384615	0.12980769230769232
78	bidermann_ioseph_1615_32	0.09223300970873786	0.0825242718446602	0.11165048543689321	0.0048543689320388345	0.2087378640776699	0.12135922330097088	0.1407766990291262	0.07281553398058252	0.024271844660194174	0.1407766990291262
79	bidermann_ioseph_1615_33	0.08173076923076923	0.02403846153846154	0.12980769230769232	0.02403846153846154	0.2932692307692308	0.07211538461538461	0.2548076923076923	0.09134615384615384	0.02403846153846154	0.004807692307692308
80	bidermann_ioseph_1615_34	0.004807692307692308	0.014423076923076924	0.24519230769230768	0.004807692307692308	0.20673076923076922	0.1201923076923077	0.3894230769230769	0.004807692307692308	0.004807692307692308	0.004807692307692308
81	bidermann_ioseph_1615_35	0.014423076923076924	0.004807692307692308	0.14903846153846154	0.08173076923076923	0.27403846153846156	0.14903846153846154	0.13942307692307693	0.04326923076923077	0.10096153846153846	0.04326923076923077
82	bidermann_ioseph_1615_36	0.004807692307692308	0.16826923076923078	0.22596153846153846	0.014423076923076924	0.3317307692307692	0.02403846153846154	0.10096153846153846	0.09134615384615384	0.02403846153846154	0.014423076923076924
83	bidermann_ioseph_1615_37	0.004807692307692308	0.004807692307692308	0.15865384615384615	0.052884615384615384	0.5144230769230769	0.10096153846153846	0.1201923076923077	0.02403846153846154	0.004807692307692308	0.014423076923076924
84	bidermann_ioseph_1615_38	0.024271844660194174	0.014563106796116505	0.16990291262135923	0.0825242718446602	0.21844660194174756	0.2669902912621359	0.1407766990291262	0.014563106796116505	0.024271844660194174	0.043689320388349516
85	bidermann_ioseph_1615_39	0.014423076923076924	0.004807692307692308	0.07211538461538461	0.004807692307692308	0.34134615384615385	0.24519230769230768	0.27403846153846156	0.004807692307692308	0.03365384615384615	0.004807692307692308
86	bidermann_ioseph_1615_40	0.05339805825242718	0.2087378640776699	0.15048543689320387	0.0048543689320388345	0.16019417475728157	0.05339805825242718	0.2087378640776699	0.13106796116504854	0.0048543689320388345	0.024271844660194174
87	bidermann_ioseph_1615_41	0.07211538461538461	0.0625	0.21634615384615385	0.004807692307692308	0.15865384615384615	0.14903846153846154	0.1201923076923077	0.004807692307692308	0.0625	0.14903846153846154
88	bidermann_ioseph_1615_42	0.024271844660194174	0.03398058252427184	0.2669902912621359	0.043689320388349516	0.1407766990291262	0.10194174757281553	0.1407766990291262	0.024271844660194174	0.13106796116504854	0.09223300970873786
89	bidermann_ioseph_1615_43	0.0048543689320388345	0.0048543689320388345	0.0825242718446602	0.024271844660194174	0.45145631067961167	0.1407766990291262	0.16990291262135923	0.014563106796116505	0.05339805825242718	0.05339805825242718
90	bidermann_ioseph_1615_44	0.005	0.035	0.005	0.105	0.445	0.075	0.165	0.045	0.045	0.075
91	bidermann_ioseph_1615_45	0.1201923076923077	0.04326923076923077	0.07211538461538461	0.15865384615384615	0.12980769230769232	0.15865384615384615	0.1971153846153846	0.08173076923076923	0.02403846153846154	0.014423076923076924
92	bidermann_ioseph_1615_46	0.12980769230769232	0.02403846153846154	0.3317307692307692	0.014423076923076924	0.014423076923076924	0.03365384615384615	0.16826923076923078	0.11057692307692307	0.03365384615384615	0.13942307692307693
93	bidermann_ioseph_1615_47	0.052884615384615384	0.08173076923076923	0.27403846153846156	0.004807692307692308	0.052884615384615384	0.1971153846153846	0.014423076923076924	0.08173076923076923	0.10096153846153846	0.13942307692307693
94	bidermann_ioseph_1615_48	0.03398058252427184	0.10194174757281553	0.21844660194174756	0.024271844660194174	0.043689320388349516	0.15048543689320387	0.0825242718446602	0.18932038834951456	0.06310679611650485	0.09223300970873786
95	bidermann_ioseph_1615_49	0.07281553398058252	0.0048543689320388345	0.12135922330097088	0.0048543689320388345	0.3932038834951456	0.15048543689320387	0.07281553398058252	0.0048543689320388345	0.05339805825242718	0.12135922330097088
96	bidermann_ioseph_1615_50	0.004807692307692308	0.03365384615384615	0.34134615384615385	0.014423076923076924	0.2548076923076923	0.1201923076923077	0.004807692307692308	0.15865384615384615	0.02403846153846154	0.04326923076923077
97	bidermann_ioseph_1615_51	0.09134615384615384	0.004807692307692308	0.004807692307692308	0.02403846153846154	0.1875	0.13942307692307693	0.3125	0.004807692307692308	0.09134615384615384	0.13942307692307693
98	bidermann_ioseph_1615_52	0.02403846153846154	0.02403846153846154	0.14903846153846154	0.014423076923076924	0.4375	0.052884615384615384	0.11057692307692307	0.03365384615384615	0.014423076923076924	0.13942307692307693
99	bidermann_ioseph_1615_53	0.08173076923076923	0.1201923076923077	0.30288461538461536	0.004807692307692308	0.10096153846153846	0.10096153846153846	0.03365384615384615	0.16826923076923078	0.004807692307692308	0.08173076923076923
100	bidermann_ioseph_1615_54	0.03365384615384615	0.014423076923076924	0.3894230769230769	0.014423076923076924	0.23557692307692307	0.02403846153846154	0.10096153846153846	0.0625	0.004807692307692308	0.1201923076923077
101	bidermann_ioseph_1615_55	0.03365384615384615	0.014423076923076924	0.16826923076923078	0.004807692307692308	0.27403846153846156	0.004807692307692308	0.07211538461538461	0.27403846153846156	0.004807692307692308	0.14903846153846154
102	bidermann_ioseph_1615_56	0.052884615384615384	0.004807692307692308	0.004807692307692308	0.004807692307692308	0.4855769230769231	0.004807692307692308	0.0625	0.1201923076923077	0.02403846153846154	0.23557692307692307
103	bidermann_ioseph_1615_57	0.12135922330097088	0.0048543689320388345	0.0825242718446602	0.0048543689320388345	0.4320388349514563	0.043689320388349516	0.16019417475728157	0.0825242718446602	0.014563106796116505	0.05339805825242718
104	bidermann_ioseph_1615_58	0.07211538461538461	0.004807692307692308	0.07211538461538461	0.004807692307692308	0.4855769230769231	0.12980769230769232	0.11057692307692307	0.02403846153846154	0.0625	0.03365384615384615
105	bidermann_ioseph_1615_59	0.04326923076923077	0.02403846153846154	0.12980769230769232	0.004807692307692308	0.3605769230769231	0.03365384615384615	0.16826923076923078	0.16826923076923078	0.004807692307692308	0.0625
106	bidermann_ioseph_1615_60	0.02403846153846154	0.014423076923076924	0.004807692307692308	0.004807692307692308	0.5240384615384616	0.014423076923076924	0.11057692307692307	0.0625	0.11057692307692307	0.12980769230769232
107	bidermann_ioseph_1615_61	0.1201923076923077	0.04326923076923077	0.1778846153846154	0.08173076923076923	0.21634615384615385	0.004807692307692308	0.20673076923076922	0.02403846153846154	0.04326923076923077	0.08173076923076923
108	bidermann_ioseph_1615_62	0.03398058252427184	0.0825242718446602	0.15048543689320387	0.0048543689320388345	0.470873786407767	0.07281553398058252	0.07281553398058252	0.07281553398058252	0.014563106796116505	0.024271844660194174
109	bidermann_ioseph_1615_63	0.014563106796116505	0.0825242718446602	0.13106796116504854	0.03398058252427184	0.16019417475728157	0.25728155339805825	0.043689320388349516	0.16019417475728157	0.09223300970873786	0.024271844660194174
110	bidermann_ioseph_1615_64	0.0048543689320388345	0.024271844660194174	0.23786407766990292	0.024271844660194174	0.24757281553398058	0.05339805825242718	0.33495145631067963	0.024271844660194174	0.0048543689320388345	0.043689320388349516
111	bidermann_ioseph_1615_65	0.014423076923076924	0.014423076923076924	0.03365384615384615	0.12980769230769232	0.2548076923076923	0.04326923076923077	0.13942307692307693	0.20673076923076922	0.04326923076923077	0.1201923076923077
112	bidermann_ioseph_1615_66	0.004807692307692308	0.04326923076923077	0.1778846153846154	0.02403846153846154	0.4855769230769231	0.004807692307692308	0.052884615384615384	0.1778846153846154	0.02403846153846154	0.004807692307692308
113	bidermann_ioseph_1615_67	0.024271844660194174	0.05339805825242718	0.2961165048543689	0.014563106796116505	0.16990291262135923	0.23786407766990292	0.07281553398058252	0.07281553398058252	0.03398058252427184	0.024271844660194174
114	bidermann_ioseph_1615_68	0.02403846153846154	0.21634615384615385	0.1778846153846154	0.13942307692307693	0.1201923076923077	0.004807692307692308	0.0625	0.1778846153846154	0.07211538461538461	0.004807692307692308
115	bidermann_ioseph_1615_69	0.07211538461538461	0.04326923076923077	0.30288461538461536	0.004807692307692308	0.23557692307692307	0.004807692307692308	0.02403846153846154	0.22596153846153846	0.014423076923076924	0.07211538461538461
116	bidermann_ioseph_1615_70	0.005	0.025	0.455	0.005	0.165	0.215	0.115	0.005	0.005	0.005
117	bidermann_ioseph_1615_71	0.0048543689320388345	0.07281553398058252	0.3932038834951456	0.043689320388349516	0.03398058252427184	0.3155339805825243	0.0825242718446602	0.024271844660194174	0.0048543689320388345	0.024271844660194174
118	bidermann_ioseph_1615_72	0.004807692307692308	0.07211538461538461	0.21634615384615385	0.004807692307692308	0.21634615384615385	0.1201923076923077	0.27403846153846156	0.004807692307692308	0.004807692307692308	0.08173076923076923
119	bidermann_ioseph_1615_73	0.014423076923076924	0.052884615384615384	0.08173076923076923	0.014423076923076924	0.4951923076923077	0.004807692307692308	0.14903846153846154	0.0625	0.02403846153846154	0.10096153846153846
120	bidermann_ioseph_1615_74	0.014423076923076924	0.014423076923076924	0.0625	0.1971153846153846	0.4567307692307692	0.04326923076923077	0.052884615384615384	0.09134615384615384	0.004807692307692308	0.0625
121	bidermann_ioseph_1615_75	0.004807692307692308	0.014423076923076924	0.03365384615384615	0.014423076923076924	0.6394230769230769	0.07211538461538461	0.1201923076923077	0.02403846153846154	0.03365384615384615	0.04326923076923077
122	bidermann_ioseph_1615_76	0.004807692307692308	0.11057692307692307	0.2932692307692308	0.004807692307692308	0.2932692307692308	0.02403846153846154	0.07211538461538461	0.052884615384615384	0.014423076923076924	0.12980769230769232
123	bidermann_ioseph_1615_77	0.024509803921568627	0.004901960784313725	0.25	0.04411764705882353	0.4166666666666667	0.004901960784313725	0.06372549019607843	0.18137254901960784	0.004901960784313725	0.004901960784313725
124	bidermann_ioseph_1615_78	0.014563106796116505	0.0048543689320388345	0.2766990291262136	0.0048543689320388345	0.470873786407767	0.15048543689320387	0.0048543689320388345	0.0048543689320388345	0.0048543689320388345	0.06310679611650485
125	bidermann_ioseph_1615_79	0.03365384615384615	0.02403846153846154	0.1778846153846154	0.052884615384615384	0.21634615384615385	0.13942307692307693	0.30288461538461536	0.004807692307692308	0.004807692307692308	0.04326923076923077
126	bidermann_ioseph_1615_80	0.004807692307692308	0.014423076923076924	0.16826923076923078	0.02403846153846154	0.5625	0.03365384615384615	0.07211538461538461	0.09134615384615384	0.004807692307692308	0.02403846153846154
127	bidermann_ioseph_1615_81	0.03398058252427184	0.0048543689320388345	0.22815533980582525	0.0048543689320388345	0.3932038834951456	0.0048543689320388345	0.03398058252427184	0.1407766990291262	0.15048543689320387	0.0048543689320388345
128	bidermann_ioseph_1615_82	0.1201923076923077	0.004807692307692308	0.11057692307692307	0.02403846153846154	0.32211538461538464	0.11057692307692307	0.20673076923076922	0.014423076923076924	0.08173076923076923	0.004807692307692308
129	bidermann_ioseph_1615_83	0.014563106796116505	0.0048543689320388345	0.3640776699029126	0.07281553398058252	0.16990291262135923	0.12135922330097088	0.10194174757281553	0.043689320388349516	0.0048543689320388345	0.10194174757281553
130	bidermann_ioseph_1615_84	0.03398058252427184	0.0048543689320388345	0.3932038834951456	0.014563106796116505	0.35436893203883496	0.0048543689320388345	0.05339805825242718	0.12135922330097088	0.014563106796116505	0.0048543689320388345
131	bidermann_ioseph_1615_85	0.014705882352941176	0.09313725490196079	0.1323529411764706	0.1715686274509804	0.3480392156862745	0.004901960784313725	0.07352941176470588	0.04411764705882353	0.08333333333333333	0.03431372549019608
132	bidermann_ioseph_1615_86	0.0625	0.10096153846153846	0.24519230769230768	0.004807692307692308	0.23557692307692307	0.12980769230769232	0.004807692307692308	0.11057692307692307	0.0625	0.04326923076923077
133	bidermann_ioseph_1615_87	0.0048543689320388345	0.0048543689320388345	0.1407766990291262	0.043689320388349516	0.45145631067961167	0.024271844660194174	0.12135922330097088	0.16019417475728157	0.043689320388349516	0.0048543689320388345
134	bidermann_ioseph_1615_88	0.004807692307692308	0.02403846153846154	0.3894230769230769	0.052884615384615384	0.30288461538461536	0.07211538461538461	0.052884615384615384	0.02403846153846154	0.004807692307692308	0.07211538461538461
135	bidermann_ioseph_1615_89	0.1407766990291262	0.014563106796116505	0.16019417475728157	0.03398058252427184	0.3737864077669903	0.03398058252427184	0.09223300970873786	0.12135922330097088	0.024271844660194174	0.0048543689320388345
136	bidermann_ioseph_1615_9000	0.04326923076923077	0.014423076923076924	0.35096153846153844	0.014423076923076924	0.32211538461538464	0.04326923076923077	0.12980769230769232	0.052884615384615384	0.004807692307692308	0.02403846153846154
137	bidermann_ioseph_1615_9001	0.014563106796116505	0.014563106796116505	0.07281553398058252	0.0048543689320388345	0.18932038834951456	0.16990291262135923	0.4029126213592233	0.0048543689320388345	0.12135922330097088	0.0048543689320388345
138	bidermann_ioseph_1615_9002	0.014423076923076924	0.03365384615384615	0.12980769230769232	0.03365384615384615	0.3605769230769231	0.004807692307692308	0.3125	0.004807692307692308	0.004807692307692308	0.10096153846153846
139	bidermann_ioseph_1615_9003	0.004807692307692308	0.03365384615384615	0.07211538461538461	0.08173076923076923	0.6298076923076923	0.004807692307692308	0.0625	0.004807692307692308	0.03365384615384615	0.07211538461538461
140	bidermann_ioseph_1615_9004	0.004807692307692308	0.02403846153846154	0.004807692307692308	0.014423076923076924	0.5913461538461539	0.004807692307692308	0.13942307692307693	0.02403846153846154	0.07211538461538461	0.1201923076923077
141	bidermann_ioseph_1615_9005	0.014563106796116505	0.014563106796116505	0.024271844660194174	0.014563106796116505	0.5776699029126213	0.10194174757281553	0.0825242718446602	0.07281553398058252	0.05339805825242718	0.043689320388349516
142	bidermann_ioseph_1615_9006	0.004807692307692308	0.03365384615384615	0.1201923076923077	0.014423076923076924	0.7163461538461539	0.014423076923076924	0.004807692307692308	0.052884615384615384	0.004807692307692308	0.03365384615384615
143	bidermann_ioseph_1615_9007	0.004807692307692308	0.014423076923076924	0.04326923076923077	0.014423076923076924	0.7259615384615384	0.004807692307692308	0.004807692307692308	0.13942307692307693	0.04326923076923077	0.004807692307692308
144	bidermann_ioseph_1615_9008	0.2916666666666667	0.041666666666666664	0.20833333333333334	0.041666666666666664	0.125	0.041666666666666664	0.125	0.041666666666666664	0.041666666666666664	0.041666666666666664
145	caussin_felicitas_1621_00	0.12980769230769232	0.0625	0.04326923076923077	0.27403846153846156	0.014423076923076924	0.004807692307692308	0.004807692307692308	0.014423076923076924	0.3798076923076923	0.07211538461538461
146	caussin_felicitas_1621_01	0.0625	0.004807692307692308	0.004807692307692308	0.35096153846153844	0.02403846153846154	0.0625	0.004807692307692308	0.052884615384615384	0.3798076923076923	0.052884615384615384
147	caussin_felicitas_1621_02	0.004807692307692308	0.23557692307692307	0.014423076923076924	0.28365384615384615	0.02403846153846154	0.052884615384615384	0.02403846153846154	0.03365384615384615	0.3125	0.014423076923076924
148	caussin_felicitas_1621_03	0.1778846153846154	0.014423076923076924	0.02403846153846154	0.15865384615384615	0.014423076923076924	0.0625	0.03365384615384615	0.11057692307692307	0.32211538461538464	0.08173076923076923
149	caussin_felicitas_1621_04	0.09223300970873786	0.09223300970873786	0.043689320388349516	0.4223300970873786	0.06310679611650485	0.07281553398058252	0.043689320388349516	0.0048543689320388345	0.1407766990291262	0.024271844660194174
150	caussin_felicitas_1621_05	0.0625	0.13942307692307693	0.04326923076923077	0.2644230769230769	0.004807692307692308	0.11057692307692307	0.004807692307692308	0.1971153846153846	0.15865384615384615	0.014423076923076924
151	caussin_felicitas_1621_06	0.2669902912621359	0.06310679611650485	0.014563106796116505	0.15048543689320387	0.0048543689320388345	0.03398058252427184	0.014563106796116505	0.0825242718446602	0.2766990291262136	0.09223300970873786
152	caussin_felicitas_1621_07	0.2644230769230769	0.04326923076923077	0.052884615384615384	0.14903846153846154	0.004807692307692308	0.014423076923076924	0.014423076923076924	0.03365384615384615	0.21634615384615385	0.20673076923076922
153	caussin_felicitas_1621_08	0.2644230769230769	0.014423076923076924	0.004807692307692308	0.14903846153846154	0.02403846153846154	0.1201923076923077	0.014423076923076924	0.09134615384615384	0.22596153846153846	0.09134615384615384
154	caussin_felicitas_1621_09	0.1875	0.02403846153846154	0.004807692307692308	0.2932692307692308	0.004807692307692308	0.03365384615384615	0.12980769230769232	0.02403846153846154	0.014423076923076924	0.28365384615384615
155	caussin_felicitas_1621_10	0.3932038834951456	0.043689320388349516	0.043689320388349516	0.11165048543689321	0.024271844660194174	0.03398058252427184	0.11165048543689321	0.0048543689320388345	0.18932038834951456	0.043689320388349516
156	caussin_felicitas_1621_11	0.15048543689320387	0.09223300970873786	0.014563106796116505	0.0825242718446602	0.024271844660194174	0.0825242718446602	0.0048543689320388345	0.05339805825242718	0.3640776699029126	0.13106796116504854
157	caussin_felicitas_1621_12	0.22596153846153846	0.09134615384615384	0.014423076923076924	0.07211538461538461	0.02403846153846154	0.1201923076923077	0.02403846153846154	0.10096153846153846	0.2644230769230769	0.0625
158	caussin_felicitas_1621_13	0.09134615384615384	0.08173076923076923	0.014423076923076924	0.27403846153846156	0.004807692307692308	0.03365384615384615	0.13942307692307693	0.09134615384615384	0.1201923076923077	0.14903846153846154
159	caussin_felicitas_1621_14	0.13942307692307693	0.09134615384615384	0.02403846153846154	0.052884615384615384	0.07211538461538461	0.004807692307692308	0.004807692307692308	0.11057692307692307	0.3605769230769231	0.13942307692307693
160	caussin_felicitas_1621_15	0.09134615384615384	0.004807692307692308	0.02403846153846154	0.12980769230769232	0.052884615384615384	0.04326923076923077	0.004807692307692308	0.02403846153846154	0.4182692307692308	0.20673076923076922
161	caussin_felicitas_1621_16	0.1778846153846154	0.03365384615384615	0.004807692307692308	0.2644230769230769	0.10096153846153846	0.014423076923076924	0.004807692307692308	0.12980769230769232	0.1778846153846154	0.09134615384615384
162	caussin_felicitas_1621_17	0.1201923076923077	0.014423076923076924	0.10096153846153846	0.13942307692307693	0.052884615384615384	0.04326923076923077	0.014423076923076924	0.11057692307692307	0.3894230769230769	0.014423076923076924
163	caussin_felicitas_1621_18	0.1201923076923077	0.0625	0.11057692307692307	0.03365384615384615	0.004807692307692308	0.03365384615384615	0.04326923076923077	0.004807692307692308	0.46634615384615385	0.1201923076923077
164	caussin_felicitas_1621_19	0.3894230769230769	0.014423076923076924	0.02403846153846154	0.0625	0.052884615384615384	0.0625	0.004807692307692308	0.02403846153846154	0.2644230769230769	0.10096153846153846
165	caussin_felicitas_1621_20	0.23557692307692307	0.0625	0.004807692307692308	0.1971153846153846	0.004807692307692308	0.004807692307692308	0.014423076923076924	0.07211538461538461	0.2548076923076923	0.14903846153846154
166	caussin_felicitas_1621_21	0.04326923076923077	0.004807692307692308	0.02403846153846154	0.09134615384615384	0.11057692307692307	0.004807692307692308	0.004807692307692308	0.03365384615384615	0.42788461538461536	0.2548076923076923
167	caussin_felicitas_1621_22	0.1875	0.004807692307692308	0.014423076923076924	0.21634615384615385	0.0625	0.08173076923076923	0.004807692307692308	0.09134615384615384	0.2644230769230769	0.07211538461538461
168	caussin_felicitas_1621_23	0.16990291262135923	0.19902912621359223	0.0048543689320388345	0.1796116504854369	0.05339805825242718	0.014563106796116505	0.024271844660194174	0.11165048543689321	0.1407766990291262	0.10194174757281553
169	caussin_felicitas_1621_24	0.21287128712871287	0.034653465346534656	0.01485148514851485	0.07425742574257425	0.034653465346534656	0.0049504950495049506	0.01485148514851485	0.2524752475247525	0.2623762376237624	0.09405940594059406
170	caussin_felicitas_1621_25	0.16826923076923078	0.004807692307692308	0.004807692307692308	0.10096153846153846	0.10096153846153846	0.004807692307692308	0.004807692307692308	0.004807692307692308	0.4375	0.16826923076923078
171	caussin_felicitas_1621_26	0.13106796116504854	0.03398058252427184	0.0048543689320388345	0.46116504854368934	0.03398058252427184	0.05339805825242718	0.024271844660194174	0.014563106796116505	0.19902912621359223	0.043689320388349516
172	caussin_felicitas_1621_27	0.04326923076923077	0.08173076923076923	0.004807692307692308	0.09134615384615384	0.004807692307692308	0.09134615384615384	0.04326923076923077	0.07211538461538461	0.5240384615384616	0.04326923076923077
173	caussin_felicitas_1621_28	0.27403846153846156	0.02403846153846154	0.02403846153846154	0.1875	0.004807692307692308	0.15865384615384615	0.004807692307692308	0.004807692307692308	0.3125	0.004807692307692308
174	caussin_felicitas_1621_29	0.12980769230769232	0.08173076923076923	0.004807692307692308	0.12980769230769232	0.07211538461538461	0.12980769230769232	0.052884615384615384	0.004807692307692308	0.23557692307692307	0.15865384615384615
175	caussin_felicitas_1621_30	0.052884615384615384	0.004807692307692308	0.004807692307692308	0.24519230769230768	0.004807692307692308	0.1971153846153846	0.004807692307692308	0.1201923076923077	0.2548076923076923	0.11057692307692307
176	caussin_felicitas_1621_31	0.3872549019607843	0.08333333333333333	0.004901960784313725	0.1323529411764706	0.05392156862745098	0.04411764705882353	0.024509803921568627	0.004901960784313725	0.25	0.014705882352941176
177	caussin_felicitas_1621_32	0.23557692307692307	0.08173076923076923	0.0625	0.004807692307692308	0.004807692307692308	0.02403846153846154	0.014423076923076924	0.07211538461538461	0.3798076923076923	0.1201923076923077
